{
    "1": {
        "root": {
            "coordinate": [-0.36845, 17.4861, 8.16372],
            "matrix": [[0.9893828892905154, 0.13537282271963919, -0.05287435340567986], [-0.14154565486208073, 0.9800775259403723, -0.13933007836165034], [0.032959459473970484, 0.14533493047273957, 0.9888333691859653]]
        },
        "lhipjoint": {
            "coordinate": [1.188370833760853, 15.468563771185647, 8.712496405899557],
            "matrix": [[0.9893828892905154, 0.13537282271963919, -0.05287435340567986], [-0.14154565486208073, 0.9800775259403723, -0.13933007836165034], [0.032959459473970484, 0.14533493047273957, 0.9888333691859653]]
        },
        "lfemur": {
            "coordinate": [1.4755858417515861, 9.021514573378692, 7.157591778944332],
            "matrix": [[0.6415302970852166, 0.1874534230627895, -0.7438414428517656], [-0.46982491744229826, 0.8625440530724265, -0.18783584178672885], [0.6063855414438006, 0.4699776278626827, 0.6414184316313918]]
        },
        "ltibia": {
            "coordinate": [1.347826000032586, 1.6357647777733346, 5.793315109547912],
            "matrix": [[0.6209148838330509, 0.24409380546584014, -0.7449046389758847], [-0.47393127765728504, 0.8738261850392498, -0.10870576064719117], [0.6243827761019053, 0.420530632026914, 0.6582553732665782]]
        },
        "lfoot": {
            "coordinate": [1.527504007960307, 1.3882710764289752, 7.604838993377092],
            "matrix": [[0.9430414326853367, 0.31858023354997317, 0.0958096604212302], [-0.3322918572331911, 0.9158684976147817, 0.22531537163131968], [-0.015968026030269714, -0.24431850087148066, 0.9695635576261151]]
        },
        "ltoes": {
            "coordinate": [1.6178079680901503, 1.3747720909123184, 8.51641051874627],
            "matrix": [[0.9349575450900257, 0.3407905321794993, 0.09857079717667612], [-0.3410494769154741, 0.9399298599400258, -0.014734744273508288], [-0.0976710969269476, -0.019841158482757998, 0.9950209471439025]]
        },
        "rhipjoint": {
            "coordinate": [-2.3855643506871074, 15.979865796042171, 8.593437435095726],
            "matrix": [[0.9893828892905154, 0.13537282271963919, -0.05287435340567986], [-0.14154565486208073, 0.9800775259403723, -0.13933007836165034], [0.032959459473970484, 0.14533493047273957, 0.9888333691859653]]
        },
        "rfemur": {
            "coordinate": [-2.6971689129424763, 8.730711039357246, 7.880479226950308],
            "matrix": [[0.8928549377684217, -0.2794899688969319, 0.35312238301832355], [0.335185625195892, 0.9361026948797129, -0.10659428362242754], [-0.30076678135157575, 0.21353477919283204, 0.9294849333423764]]
        },
        "rtibia": {
            "coordinate": [-3.131712554413707, 1.343945496799427, 6.846473811617501],
            "matrix": [[0.898129306497756, -0.264998759911208, 0.3509122483689923], [0.33326309705379914, 0.9308205922210467, -0.15002910797365462], [-0.28687881928084114, 0.25169164138441774, 0.9243115604087445]]
        },
        "rfoot": {
            "coordinate": [-3.2529171140724924, 0.8427779165711752, 8.565188448256347],
            "matrix": [[0.9601358503099074, -0.27569373404437414, -0.046174819526883994], [0.27852400452744935, 0.9575532189877334, 0.07427120376178259], [0.023738741577089092, -0.08417124102031949, 0.9961684969589409]]
        },
        "rtoes": {
            "coordinate": [-3.292818947844665, 0.9302842887193302, 9.456051158226904],
            "matrix": [[0.9605008053829728, -0.2746910282220116, -0.04453135831067803], [0.27783224524387196, 0.9556526259764065, 0.09765911102988911], [0.015730427883847993, -0.10617390206040866, 0.9942231420359606]]
        },
        "lowerback": {
            "coordinate": [-0.22092238618984553, 19.213921290491335, 8.23116543370234],
            "matrix": [[0.9982527048263742, 0.04418053165718122, -0.039237965407455125], [-0.04955680837846964, 0.9876348396726587, -0.14873313755885617], [0.032181672581882335, 0.1504177651982996, 0.9880985962253874]]
        },
        "upperback": {
            "coordinate": [-0.16567841048309526, 20.95485210438606, 8.414229358379854],
            "matrix": [[0.999425863430254, 0.03313162159292353, -0.007087958614055728], [-0.03288736057076533, 0.9989410246542916, 0.032175313165880626], [0.008146472941077815, -0.03192373589129793, 0.9994571076666384]]
        },
        "thorax": {
            "coordinate": [-0.07956474236833308, 22.666209835814573, 8.350415743047698],
            "matrix": [[0.9973453147797512, 0.07178517708581014, 0.012215213368489427], [-0.07267754007021515, 0.9709491742935628, 0.22798174512006614], [0.0045053586118214885, -0.22826429700986395, 0.9735887799550542]]
        },
        "lowerneck": {
            "coordinate": [0.24334160298981025, 24.256429610065936, 8.006011015206045],
            "matrix": [[0.9747317358986683, 0.18121576324709562, -0.13060968640472645], [-0.1368025610351979, 0.9464976943361687, 0.2922792738298894], [0.17658737872843383, -0.26702614435123967, 0.9473721211365316]]
        },
        "upperneck": {
            "coordinate": [0.20965962827225007, 25.89057776760494, 7.709342418982023],
            "matrix": [[0.9322224448685729, -0.12483345361608608, -0.33967325791345565], [0.12026753575745464, 0.9921400722012726, -0.03455136719845997], [0.34131661712563865, -0.008642105688657642, 0.9399086556060519]]
        },
        "head": {
            "coordinate": [-0.12716589789432628, 27.53695391915324, 7.7406469432083425],
            "matrix": [[0.8799546705398024, -0.2357178535406585, -0.41245226550156355], [0.17769420002313302, 0.968508735700958, -0.17440068849941695], [0.4405729781470106, 0.08017432502438976, 0.8941294808547343]]
        },
        "lclavicle": {
            "coordinate": [3.1147769577459945, 23.893650953492326, 8.311758533763923],
            "matrix": [[0.9973453147797512, 0.07178517708580984, 0.012215213368489358], [-0.07267754007021485, 0.9709491742935628, 0.22798174512006614], [0.004505358611821487, -0.22826429700986395, 0.9735887799550542]]
        },
        "lhumerus": {
            "coordinate": [2.857038368213206, 18.781418809034115, 8.28805180404715],
            "matrix": [[-0.050351566059425035, 0.9534825473955448, -0.2972133099433235], [-0.9987208171614279, -0.04944978700725282, 0.010556890325612826], [-0.004631324192177515, 0.2973646757384609, 0.9547527431011584]]
        },
        "lradius": {
            "coordinate": [3.0076886602313846, 15.465645133912716, 9.681199861141861],
            "matrix": [[0.041850674685577224, 0.9543722732584811, -0.29567225954390985], [-0.9211224446127373, 0.15148610637909768, 0.3585880667350152], [0.38701674777587697, 0.2573432019882007, 0.8854335171719236]]
        },
        "lwrist": {
            "coordinate": [3.0830135970127643, 13.807762901950374, 10.3777719545697],
            "matrix": [[0.04185067468557722, 0.6367808151538771, -0.7699082506898637], [-0.9211224446127373, 0.3230808996912553, 0.2171455140806369], [0.38701674777587697, 0.7000920837337421, 0.600074254767133]]
        },
        "lhand": {
            "coordinate": [3.071285566428843, 13.310362139135517, 10.762228255532268],
            "matrix": [[-0.01865233800216982, 0.648191260956406, -0.7612490916295382], [-0.791069489323575, 0.4560539757520199, 0.4077055730084084], [0.6114418642425385, 0.6098055923165353, 0.5042578568858281]]
        },
        "lfingers": {
            "coordinate": [3.0211467578469264, 12.883765858532362, 11.031450750897235],
            "matrix": [[-0.09890657420305587, 0.6408723040299199, -0.7612490916295382], [-0.8415273096241657, 0.35441212295095, 0.4077055730084083], [0.531083116598644, 0.6809366615426008, 0.5042578568858281]]
        },
        "lthumb": {
            "coordinate": [2.7239079979608545, 13.243891500617664, 10.665633005563306],
            "matrix": [[0.14589212188701023, 0.5167229883444062, -0.8436307498471902], [-0.9887457244850392, 0.10471290223800639, -0.1068508325538407], [0.033126742729416174, 0.8497249916421903, 0.526184432965114]]
        },
        "rclavicle": {
            "coordinate": [-3.3234762323469287, 24.032822725454416, 8.122937901509395],
            "matrix": [[0.9973453147797512, 0.07178517708580984, 0.012215213368489358], [-0.07267754007021485, 0.9709491742935628, 0.22798174512006614], [0.004505358611821487, -0.22826429700986395, 0.9735887799550542]]
        },
        "rhumerus": {
            "coordinate": [-3.4251005829441556, 18.552531323964768, 7.809290510121645],
            "matrix": [[0.018510136396253516, -0.9959234237000492, 0.08828311829656144], [0.9981952208455709, 0.01336249604242189, -0.05854694510030807], [0.057128591192627094, 0.08920749870436234, 0.994373343489887]]
        },
        "rradius": {
            "coordinate": [-4.089610362344416, 15.634273686473353, 8.96012435668875],
            "matrix": [[0.2072325366011096, -0.9689261311852726, 0.13504380059895343], [0.9100813130012372, 0.24157942596221585, 0.33673637266816103], [-0.3588964746271745, 0.05311810668789291, 0.9318646829030914]]
        },
        "rwrist": {
            "coordinate": [-4.421866288229755, 14.175140317309573, 9.535543074412491],
            "matrix": [[0.2072325366011096, -0.6559884668488041, 0.7257642917195813], [0.9100813130012372, 0.4014322999587461, 0.10297627044992289], [-0.3588964746271745, 0.6391644858025096, 0.6801926790174966]]
        },
        "rhand": {
            "coordinate": [-4.748425145872246, 13.565872134520193, 9.506277955913538],
            "matrix": [[0.47198430037356404, -0.6912003922588044, 0.5472411149960797], [0.8805916919413241, 0.3398391436965143, -0.33025388490604674], [0.04229766287626004, 0.6377706281672861, 0.7690640633668377]]
        },
        "rfingers": {
            "coordinate": [-4.961848888145363, 13.054945096084053, 9.438739508685217],
            "matrix": [[0.3826066747788386, -0.7444053294224375, 0.5472411149960797], [0.915943526851073, 0.22799084877266773, -0.33025388490604674], [0.12107678569526807, 0.6275992976441183, 0.7690640633668377]]
        },
        "rthumb": {
            "coordinate": [-4.395721491591794, 13.379757526252146, 9.445277358192202],
            "matrix": [[0.455754998648711, -0.735094282397829, 0.5019200904454162], [0.6591174038080486, -0.10025743127086403, -0.7453272405274787], [0.598207011998398, 0.6705108824329317, 0.43882060951482166]]
        }
    },
    "2": {
        "root": {
            "coordinate": [-0.371091, 17.4854, 8.1651],
            "matrix": [[0.989534003649673, 0.13404192389442446, -0.05343424238940891], [-0.1403889457802387, 0.9799050724606463, -0.1416933056591204], [0.033367641866964226, 0.14771192099684113, 0.9884673939344994]]
        },
        "lhipjoint": {
            "coordinate": [1.1878383654402305, 15.468535406715256, 8.710348138561526],
            "matrix": [[0.989534003649673, 0.13404192389442446, -0.05343424238940891], [-0.1403889457802387, 0.9799050724606463, -0.1416933056591204], [0.033367641866964226, 0.14771192099684113, 0.9884673939344994]]
        },
        "lfemur": {
            "coordinate": [1.4770748705357257, 9.022769888127948, 7.150504126425635],
            "matrix": [[0.6398830199348562, 0.18652979131501488, -0.7454906825380351], [-0.4705422036621889, 0.8620771919073875, -0.18818328768996667], [0.6075687248137279, 0.47120011899940206, 0.639398696028675]]
        },
        "ltibia": {
            "coordinate": [1.3462536119243562, 1.6376251500159738, 5.783245392120974],
            "matrix": [[0.6190240619593188, 0.24383930734615672, -0.7465598454968844], [-0.4746871547221968, 0.873465351349504, -0.10830690252072099], [0.6256846776589069, 0.4214269476253677, 0.656443456786672]]
        },
        "lfoot": {
            "coordinate": [1.5243360989479193, 1.3935412949546757, 7.5953893709304605],
            "matrix": [[0.9429407329606411, 0.3190970658206194, 0.09507805587158343], [-0.33264280481683767, 0.9152902602183961, 0.22713983347913327], [-0.014544364105585572, -0.24580643224702722, 0.9692098118254641]]
        },
        "ltoes": {
            "coordinate": [1.6138744805116207, 1.3809521944031173, 8.507049431733419],
            "matrix": [[0.9348925898554935, 0.3412091572705519, 0.09773513405120775], [-0.34155018200185555, 0.9397630779007982, -0.01374156428206721], [-0.09653661796327363, -0.02053456620283811, 0.9951175875157036]]
        },
        "rhipjoint": {
            "coordinate": [-2.3866426856074985, 15.975659065973968, 8.589814692136471],
            "matrix": [[0.989534003649673, 0.13404192389442446, -0.05343424238940891], [-0.1403889457802387, 0.9799050724606463, -0.1416933056591204], [0.033367641866964226, 0.14771192099684113, 0.9884673939344994]]
        },
        "rfemur": {
            "coordinate": [-2.696253559819252, 8.726443571396345, 7.8766055251359655],
            "matrix": [[0.8923579444619063, -0.2796000807108076, 0.35428956211301355], [0.3355634881491668, 0.9359740295416276, -0.10653525916227508], [-0.30181856201513696, 0.21395422615624793, 0.9290474394416015]]
        },
        "rtibia": {
            "coordinate": [-3.1297177920242003, 1.339843711532687, 6.84096474491276],
            "matrix": [[0.8976764274062239, -0.2649876689155406, 0.3520775014139728], [0.33363052625161504, 0.9306632603754381, -0.15018844076835844], [-0.28786751055349863, 0.25228442502474874, 0.923842446122532]]
        },
        "rfoot": {
            "coordinate": [-3.2513594441243683, 0.83981371837955, 8.559979813308654],
            "matrix": [[0.96011393691506, -0.27572409089124444, -0.04644839979655716], [0.2785931979185301, 0.9574816207399273, 0.07493180912516204], [0.023812984168112204, -0.08488328249684833, 0.9961063046369949]]
        },
        "rtoes": {
            "coordinate": [-3.291308737694504, 0.9307074456888892, 9.45050116274395],
            "matrix": [[0.960529150232111, -0.2745833016783897, -0.04458432452973606], [0.27778874317764335, 0.955271399504368, 0.1014394767965233], [0.014736543630160227, -0.10982059792389397, 0.9938421758777773]]
        },
        "lowerback": {
            "coordinate": [-0.22161794955358477, 19.213009636035153, 8.233674396881675],
            "matrix": [[0.9981843185522271, 0.04525364385733795, -0.039751401410008186], [-0.05071464933673628, 0.9874898851299067, -0.14930422334540897], [0.032497546662452206, 0.15104911282015893, 0.9879919407450471]]
        },
        "upperback": {
            "coordinate": [-0.1670657505471933, 20.953674488116143, 8.41945471460075],
            "matrix": [[0.9994290635176519, 0.032846633108016506, -0.007914903012488116], [-0.03258985691008356, 0.9989990713208449, 0.030639137172412123], [0.008913373256518597, -0.030363698614578577, 0.999499173378164]]
        },
        "thorax": {
            "coordinate": [-0.08654494865118462, 22.665531219989738, 8.362044295170433],
            "matrix": [[0.9975761690993239, 0.06872612682420974, 0.010886061586279298], [-0.06941434921429313, 0.9720207369436802, 0.22440440074700183], [0.004840967700139744, -0.2246161313067418, 0.9744353024128994]]
        },
        "lowerneck": {
            "coordinate": [0.25560145542964674, 24.250650174352153, 8.01273670357263],
            "matrix": [[0.9717193745571476, 0.19320336981341524, -0.1357715544692886], [-0.14587014985140412, 0.9432670672351077, 0.2982769505878852], [0.18569694798944647, -0.27003647487407983, 0.9447734891205327]]
        },
        "upperneck": {
            "coordinate": [0.22914130266628077, 25.8849530941222, 7.7161886316831625],
            "matrix": [[0.9270955052009637, -0.12305627207721762, -0.3540495419268721], [0.1186135346108004, 0.9923474428843915, -0.03431300056744596], [0.355562587519135, -0.010183638999243794, 0.9345969932828966]]
        },
        "head": {
            "coordinate": [-0.11318593236843263, 27.53014907649754, 7.749775599854632],
            "matrix": [[0.8710264892665727, -0.24010172859195048, -0.42856039822072584], [0.1779421344851046, 0.9673789846475962, -0.18031776628238977], [0.4578749302711764, 0.08080259890215791, 0.8853369348670722]]
        },
        "lclavicle": {
            "coordinate": [3.1037636296174003, 23.90360297332584, 8.329880910677039],
            "matrix": [[0.9975761690993239, 0.06872612682420955, 0.01088606158627898], [-0.06941434921429286, 0.9720207369436802, 0.22440440074700185], [0.004840967700140012, -0.2246161313067418, 0.9744353024128994]]
        },
        "lhumerus": {
            "coordinate": [2.8412505407477764, 18.791571018705667, 8.318706765770244],
            "matrix": [[-0.05128430771608869, 0.9514751281682894, -0.3034221485969989], [-0.9986817082647726, -0.04952402994976473, 0.013498741974361225], [-0.0021829703243735617, 0.3037144233234116, 0.952760611961835]]
        },
        "lradius": {
            "coordinate": [2.9775028158136143, 15.475762159036975, 9.713252931295786],
            "matrix": [[0.037850903328278014, 0.9528715805135118, -0.3010034221847249], [-0.9211322188855331, 0.15004776760532418, 0.3591672350976256], [0.38740514251652347, 0.2636691458747891, 0.8834001568176288]]
        },
        "lwrist": {
            "coordinate": [3.04562876411609, 13.817862334850341, 10.410524076998671],
            "matrix": [[0.03785090332827801, 0.6549614594897041, -0.7547137177104644], [-0.9211322188855331, 0.3156679108684155, 0.22774811827759306], [0.38740514251652347, 0.6865706494098671, 0.6152544180423782]]
        },
        "lhand": {
            "coordinate": [3.047978061099594, 13.324879599909002, 10.800798617230852],
            "matrix": [[0.003736337615158628, 0.6652856411555115, -0.7465795707448243], [-0.7840430283381905, 0.4653537960507007, 0.41075829171847816], [0.620695230765877, 0.5838157758861119, 0.523351287694023]]
        },
        "lfingers": {
            "coordinate": [3.008026279021393, 12.901232998918767, 11.076309871700058],
            "matrix": [[-0.07881108486788929, 0.6606116540361825, -0.7465795707448243], [-0.8357086092228304, 0.36451165448495626, 0.4107582917184781], [0.543488669038085, 0.6562952813301486, 0.523351287694023]]
        },
        "lthumb": {
            "coordinate": [2.697993989879842, 13.256060696841793, 10.715975802256713],
            "matrix": [[0.14850247105323844, 0.5468526410417835, -0.8239533998210753], [-0.988244367197565, 0.11267584200475766, -0.10333066016823528], [0.03633299868393191, 0.8296121645770058, 0.5571566831623653]]
        },
        "rclavicle": {
            "coordinate": [-3.3347991523845852, 24.022306697193223, 8.137670398017946],
            "matrix": [[0.9975761690993239, 0.06872612682420955, 0.01088606158627898], [-0.06941434921429286, 0.9720207369436802, 0.22440440074700185], [0.004840967700140012, -0.2246161313067418, 0.9744353024128994]]
        },
        "rhumerus": {
            "coordinate": [-3.4426251284800014, 18.542270338130745, 7.821646502984157],
            "matrix": [[0.01963971737660714, -0.9965235605591501, 0.08096341613272895], [0.998148766722307, 0.014880577542222748, -0.05897124640659435], [0.057561454047864065, 0.08197171257527996, 0.9949710133191677]]
        },
        "rradius": {
            "coordinate": [-4.1146231769686095, 15.61880199723063, 8.954770905105228],
            "matrix": [[0.20956781148452594, -0.9693836927385509, 0.12797104610871063], [0.9117063113355357, 0.24102155394266978, 0.33271641439221444], [-0.3533736468110451, 0.04694535959636714, 0.9343035903558492]]
        },
        "rwrist": {
            "coordinate": [-4.4506232490746624, 14.15706326823762, 9.521334872991138],
            "matrix": [[0.20956781148452594, -0.6541528661514934, 0.7267498607467175], [0.9117063113355357, 0.3993378939378879, 0.09654454068565058], [-0.3533736468110451, 0.6423498067027332, 0.6800836651239492]]
        },
        "rhand": {
            "coordinate": [-4.778700369321436, 13.548824235766903, 9.487935235647733],
            "matrix": [[0.4741786861519035, -0.6900231320336269, 0.5468296360455962], [0.879104233305024, 0.3370173476543991, -0.33703865411133455], [0.04827339416739416, 0.6405367941332473, 0.766408699570315]]
        },
        "rfingers": {
            "coordinate": [-4.993420173370205, 13.038915752564215, 9.416897789661878],
            "matrix": [[0.38493013645632795, -0.7435093403515212, 0.5468296360455962], [0.9141175536639272, 0.22537533964100231, -0.33703865411133455], [0.12734947244174097, 0.6296029042910688, 0.766408699570315]]
        },
        "rthumb": {
            "coordinate": [-4.426489416493524, 13.362277615877149, 9.425425753752188],
            "matrix": [[0.4578678134581917, -0.7347617172830319, 0.5004820518403283], [0.653763591447352, -0.10321357190219041, -0.7496266571254326], [0.6024535101539988, 0.6704268620740681, 0.4331022866629129]]
        }
    },
    "3": {
        "root": {
            "coordinate": [-0.373931, 17.484, 8.16542],
            "matrix": [[0.9896934988736559, 0.13260002304853608, -0.054074135913100285], [-0.1391104935045773, 0.9798567191377899, -0.14327972835484867], [0.03398601012378046, 0.14932529540588213, 0.9882038794033406]]
        },
        "lhipjoint": {
            "coordinate": [1.1872502748079345, 15.468398145443897, 8.708891505951676],
            "matrix": [[0.9896934988736559, 0.13260002304853608, -0.054074135913100285], [-0.1391104935045773, 0.9798567191377899, -0.14327972835484867], [0.03398601012378046, 0.14932529540588213, 0.9882038794033406]]
        },
        "lfemur": {
            "coordinate": [1.47702249332443, 9.022732345277225, 7.148734887972914],
            "matrix": [[0.6400774584441361, 0.18651467922770493, -0.7453275264098871], [-0.4704792480820428, 0.862084119680444, -0.1883089156650582], [0.607412647477685, 0.4711934263414343, 0.639551898329423]]
        },
        "ltibia": {
            "coordinate": [1.345405306340407, 1.6374053856006139, 5.782537220772349],
            "matrix": [[0.6191546590284678, 0.2439995981740318, -0.7463991588247217], [-0.4746376337558089, 0.8735091904205005, -0.10817028646356075], [0.6255930185240461, 0.42124326741425, 0.6566486768677287]]
        },
        "lfoot": {
            "coordinate": [1.523586019337321, 1.3947196087517606, 7.594859307944699],
            "matrix": [[0.9429283328554953, 0.31911434992940346, 0.0951430016737427], [-0.3326867346791939, 0.9150884285860419, 0.2278874819651679], [-0.014342094228221552, -0.24653437800246675, 0.9690279174492782]]
        },
        "ltoes": {
            "coordinate": [1.6131773104939182, 1.3824804890696978, 8.506518936417574],
            "matrix": [[0.9348621520018556, 0.3412759996860154, 0.09779288722994799], [-0.34165562663113225, 0.9397302567015208, -0.013359544564956466], [-0.09645822694693763, -0.020922157584855394, 0.9951171156081313]]
        },
        "rhipjoint": {
            "coordinate": [-2.3878069167847142, 15.970903667775946, 8.586124333410329],
            "matrix": [[0.9896934988736559, 0.13260002304853608, -0.054074135913100285], [-0.1391104935045773, 0.9798567191377899, -0.14327972835484867], [0.03398601012378046, 0.14932529540588213, 0.9882038794033406]]
        },
        "rfemur": {
            "coordinate": [-2.69674266605515, 8.721515275762393, 7.8743813034410595],
            "matrix": [[0.8920641229010073, -0.27959168099542314, 0.3550353398621183], [0.33566425214371215, 0.9359625909101834, -0.10631809935048386], [-0.30257414044438546, 0.21401523388499824, 0.928787580235379]]
        },
        "rtibia": {
            "coordinate": [-3.1302587359811502, 1.3348787385672019, 6.839023857681827],
            "matrix": [[0.8974166497751062, -0.26488573427181245, 0.3528156806119974], [0.3337248583922353, 0.9306341503705695, -0.15015923899357866], [-0.28856728088524963, 0.2524987642411959, 0.9235655355518427]]
        },
        "rfoot": {
            "coordinate": [-3.251413589640918, 0.8367953752745005, 8.558638336452065],
            "matrix": [[0.9601300250325566, -0.2757174510901474, -0.04615433019050045], [0.2785880446140884, 0.957394257129018, 0.07605877868119154], [0.023217158075014014, -0.08588436167736256, 0.9960345576284949]]
        },
        "rtoes": {
            "coordinate": [-3.2912502873594076, 0.9265675410955544, 9.449278491216987],
            "matrix": [[0.9605062281514507, -0.27468384151585723, -0.04445866498629856], [0.2778563117301251, 0.9553838375532564, 0.10018778854603404], [0.014955123336301668, -0.10858411556072439, 0.9939747653405951]]
        },
        "lowerback": {
            "coordinate": [-0.22194714320904654, 19.211334242684682, 8.23539868648984],
            "matrix": [[0.9980928985597803, 0.04663533235035521, -0.04044393182058251], [-0.052209762330143066, 0.9873054326096798, -0.15000707802248156], [0.032934883664072524, 0.15183256737599088, 0.9878573606154124]]
        },
        "upperback": {
            "coordinate": [-0.167844811565331, 20.951639090263303, 8.424650823448527],
            "matrix": [[0.9994242916555979, 0.03272841105544344, -0.008940713533743452], [-0.03246000180419948, 0.9990615780288594, 0.028675975822220534], [0.009870842495851316, -0.028369251246219696, 0.9995487742237248]]
        },
        "thorax": {
            "coordinate": [-0.09336385597507582, 22.663981639908698, 8.373969404897368],
            "matrix": [[0.9978126225837245, 0.06543895179131191, 0.009365564640972095], [-0.06589095415906873, 0.9731266768187957, 0.22064191130339308], [0.005324694601324881, -0.22077639015995631, 0.9753099164754458]]
        },
        "lowerneck": {
            "coordinate": [0.2696900892675036, 24.243655287746773, 8.021116667878017],
            "matrix": [[0.9681082024715019, 0.20628352001854983, -0.1421746027817705], [-0.15560816169891012, 0.9398549971275096, 0.3040701964795863], [0.19634818135160687, -0.27224932275986463, 0.9419807311918388]]
        },
        "upperneck": {
            "coordinate": [0.25221083305140146, 25.878209111986504, 7.725286981301555],
            "matrix": [[0.9205985549310864, -0.12073224042762684, -0.37137854916529783], [0.11638869419331843, 0.9926154610821829, -0.034179208366767966], [0.3727626222179069, -0.011758934557623113, 0.9278522268849169]]
        },
        "head": {
            "coordinate": [-0.09518315037532016, 27.522300638184717, 7.760872293771376],
            "matrix": [[0.85990697137598, -0.2444596728417543, -0.44810653748086765], [0.1773905596770064, 0.9662639165188884, -0.18672609076145757], [0.478636176982547, 0.0810771977049047, 0.8742619161875068]]
        },
        "lclavicle": {
            "coordinate": [3.092548929876668, 23.913486836463328, 8.349040325205864],
            "matrix": [[0.9978126225837245, 0.06543895179131136, 0.009365564640972096], [-0.06589095415906819, 0.9731266768187957, 0.22064191130339308], [0.005324694601324757, -0.22077639015995631, 0.9753099164754458]]
        },
        "lhumerus": {
            "coordinate": [2.8251764824408085, 18.801694540052228, 8.34861476173066],
            "matrix": [[-0.05223362739120659, 0.9498888057754699, -0.30819296687628717], [-0.9986348888646366, -0.04970965427065205, 0.01604085454726735], [-8.313766254483536e-05, 0.3086101212448221, 0.9511886175482678]]
        },
        "lradius": {
            "coordinate": [2.9494147258878467, 15.485750335713881, 9.743960946976499],
            "matrix": [[0.03451340346884879, 0.9517198894808085, -0.3050214368657291], [-0.9211698176559556, 0.1486695045337182, 0.35964363675921146], [0.3876273881199437, 0.2685640154382863, 0.8818267276460687]]
        },
        "lwrist": {
            "coordinate": [3.0115336750669, 13.827782839380898, 10.441632101429821],
            "matrix": [[0.034513403468848784, 0.6726387348633424, -0.7391657171043842], [-0.9211698176559556, 0.3082730887706238, 0.23751604109935817], [0.3876273881199437, 0.6726996618857933, 0.6302540542337267]]
        },
        "lhand": {
            "coordinate": [3.026641834818968, 13.340269646730558, 10.838437272012031],
            "matrix": [[0.02402811802616785, 0.6818019416226204, -0.7311420942222825], [-0.7753442318128244, 0.4743862144972535, 0.4168921223644628], [0.6310815888129688, 0.5568696722704425, 0.5400298106278101]]
        },
        "lfingers": {
            "coordinate": [2.995858654508744, 12.920430751025492, 11.120867327466721],
            "matrix": [[-0.06072459623648396, 0.6795173003450099, -0.7311420942222825], [-0.828197320141282, 0.3745532768796074, 0.41689212236446277], [0.5571370767797762, 0.630845528882132, 0.5400298106278101]]
        },
        "lthumb": {
            "coordinate": [2.6743770620541176, 13.269767704078781, 10.765231082061709],
            "matrix": [[0.14903510939967118, 0.5754721402391983, -0.804127074519161], [-0.9879335106920297, 0.12131239319889739, -0.09628437935655432], [0.042141601986028614, 0.8087738367831095, 0.586608017603901]]
        },
        "rclavicle": {
            "coordinate": [-3.3462505316706914, 24.010081806819027, 8.15242634122406],
            "matrix": [[0.9978126225837245, 0.06543895179131136, 0.009365564640972096], [-0.06589095415906819, 0.9731266768187957, 0.22064191130339308], [0.005324694601324757, -0.22077639015995631, 0.9753099164754458]]
        },
        "rhumerus": {
            "coordinate": [-3.465654447479536, 18.5298532291825, 7.843989181099936],
            "matrix": [[0.02174855488954881, -0.9970282364338978, 0.07390328892362058], [0.9981837779374547, 0.01750096231940106, -0.05764426927635564], [0.056179585462393496, 0.07502274369420758, 0.9955980323935292]]
        },
        "rradius": {
            "coordinate": [-4.142980975157455, 15.599229798463632, 8.95524725658256],
            "matrix": [[0.21122953911088008, -0.9699404243541299, 0.12082075571165657], [0.913937681675656, 0.23981880294692376, 0.32742152611951414], [-0.34655446299295045, 0.041261543316206184, 0.9371219180143171]]
        },
        "rwrist": {
            "coordinate": [-4.4816452951669845, 14.133913513404558, 9.51087802705262],
            "matrix": [[0.21122953911088008, -0.6521658556951738, 0.7280534173207258], [0.913937681675656, 0.39587428005972214, 0.089450927331827], [-0.34655446299295045, 0.6465007742088005, 0.6796592919449342]]
        },
        "rhand": {
            "coordinate": [-4.810978781637157, 13.526515262955868, 9.47466099699395],
            "matrix": [[0.4759945460467219, -0.6876694594438197, 0.548215201067993], [0.8778890284343506, 0.3344328575151443, -0.34273242853404906], [0.05234544763746892, 0.6444108769740778, 0.7628856898311391]]
        },
        "rfingers": {
            "coordinate": [-5.026866524726412, 13.017458221658545, 9.401101597088546],
            "matrix": [[0.38702391134662856, -0.7413990729451562, 0.548215201067993], [0.9125911660527959, 0.22296153496410764, -0.34273242853404906], [0.13187060206260945, 0.6329419946270843, 0.7628856898311391]]
        },
        "rthumb": {
            "coordinate": [-4.459294319341716, 13.339680815752716, 9.410080754834361],
            "matrix": [[0.4605568533090738, -0.7333923685989904, 0.5000230180209777], [0.649192455393808, -0.10586149259136188, -0.7532214151536637], [0.6053400207567671, 0.6715124556306395, 0.4273575566233799]]
        }
    },
    "4": {
        "root": {
            "coordinate": [-0.37748, 17.4816, 8.16636],
            "matrix": [[0.9898344344266865, 0.13173977455586935, -0.05359500184877704], [-0.1382365182310192, 0.9797666466634622, -0.144734180873764], [0.033443346880460245, 0.1506716625175519, 0.9880180123174022]]
        },
        "lhipjoint": {
            "coordinate": [1.1857674972247918, 15.466683268427104, 8.706421953788952],
            "matrix": [[0.9898344344266865, 0.13173977455586935, -0.05359500184877704], [-0.1382365182310192, 0.9797666466634622, -0.144734180873764], [0.033443346880460245, 0.1506716625175519, 0.9880180123174022]]
        },
        "lfemur": {
            "coordinate": [1.4765015091887221, 9.020568931935724, 7.148298751390375],
            "matrix": [[0.6415495209482494, 0.18689627766888367, -0.7439650486175995], [-0.46983747288026345, 0.862389612790457, -0.18851234662115168], [0.6063554743288455, 0.4704826640213655, 0.6410765177471404]]
        },
        "ltibia": {
            "coordinate": [1.3458224428246874, 1.634467885796119, 5.786201923360263],
            "matrix": [[0.6206198801606342, 0.24439999313015287, -0.7450500706042389], [-0.47400799338708965, 0.8738480237103344, -0.10819451771086958], [0.6246177923775023, 0.4203073575557822, 0.658175006081157]]
        },
        "lfoot": {
            "coordinate": [1.5255953657331789, 1.387828768152042, 7.597832940498757],
            "matrix": [[0.9429216605789682, 0.31888104344571977, 0.09598761452380256], [-0.33263509167117933, 0.915631219102088, 0.2257728203184132], [-0.015894583980312044, -0.24481493160465795, 0.969439534712454]]
        },
        "ltoes": {
            "coordinate": [1.615987830886843, 1.3765217239017586, 8.509425517631088],
            "matrix": [[0.934891318096928, 0.34094422808561237, 0.09866740435470334], [-0.3414400094554912, 0.9398225318946395, -0.012342142690141522], [-0.09693783208852225, -0.02215043742809182, 0.995043926081518]]
        },
        "rhipjoint": {
            "coordinate": [-2.389798792614955, 15.966031740955462, 8.58561503456845],
            "matrix": [[0.9898344344266865, 0.13173977455586935, -0.05359500184877704], [-0.1382365182310192, 0.9797666466634622, -0.144734180873764], [0.033443346880460245, 0.1506716625175519, 0.9880180123174022]]
        },
        "rfemur": {
            "coordinate": [-2.697726419218224, 8.716925121242474, 7.870572875702427],
            "matrix": [[0.8915979237492301, -0.2795691459903246, 0.35622217080959817], [0.3360518254295443, 0.9357803978746474, -0.10669684896489581], [-0.30351657778700175, 0.21483979976672668, 0.9282895816740914]]
        },
        "rtibia": {
            "coordinate": [-3.1297847320203096, 1.3303548262006641, 6.834134046468064],
            "matrix": [[0.8969310110896841, -0.2649166089464477, 0.3540253545298015], [0.3341226175970943, 0.9304799429175559, -0.1502303306200442], [-0.28961498192549134, 0.25303412049061036, 0.9230909468258479]]
        },
        "rfoot": {
            "coordinate": [-3.2504879299340397, 0.8316232789828664, 8.553592412574572],
            "matrix": [[0.9600685354403165, -0.27596075162978667, -0.04597902584231782], [0.27880701409346476, 0.9573598202175357, 0.0756889921014563], [0.023131280763759986, -0.0854858947018217, 0.9960708336545434]]
        },
        "rtoes": {
            "coordinate": [-3.2901700958518783, 0.9211065814127064, 9.444268534301948],
            "matrix": [[0.9604440141625427, -0.2749291323189842, -0.044286203965471366], [0.2780767556886175, 0.955353451739851, 0.09986541040042657], [0.014853067192799628, -0.10823009956145811, 0.9940149052926133]]
        },
        "lowerback": {
            "coordinate": [-0.22433417663857164, 19.20879959918659, 8.237124373773758],
            "matrix": [[0.998101509766817, 0.04744228770245649, -0.039276017348480706], [-0.05284761072731823, 0.9871899068683945, -0.1505430762857749], [0.03163077997164552, 0.15233291540152494, 0.9878229480244206]]
        },
        "upperback": {
            "coordinate": [-0.17191699309184252, 20.948272560115925, 8.434331506512745],
            "matrix": [[0.9994751789218416, 0.031542397994609915, -0.007378607450099245], [-0.031356780698716044, 0.9992189296589444, 0.02404751370612765], [0.008131360486761198, -0.023803523688382622, 0.9996835865595929]]
        },
        "thorax": {
            "coordinate": [-0.104001909824318, 22.661304836557992, 8.400552998692476],
            "matrix": [[0.9980630649795362, 0.06130055510345128, 0.010600012625614396], [-0.062156279708648315, 0.9755168716630606, 0.21095836080491423], [0.002591373464927102, -0.21120860551768433, 0.9774375733205884]]
        },
        "lowerneck": {
            "coordinate": [0.2822682699631271, 24.23276265170396, 8.035864449001203],
            "matrix": [[0.9643653492033819, 0.2206136472189995, -0.14604482844856484], [-0.16609998476127422, 0.9344962033549915, 0.3148454239423074], [0.20593753499093936, -0.2793679734254404, 0.9378396809188756]]
        },
        "upperneck": {
            "coordinate": [0.2760301198258342, 25.8666963532793, 7.736183491091446],
            "matrix": [[0.9134034278177773, -0.11721274151633534, -0.3898145088076638], [0.11423970055211248, 0.9929727983753156, -0.030891948861461183], [0.3906961336748792, -0.016315480775026037, 0.9203751062575417]]
        },
        "head": {
            "coordinate": [-0.07527461742092695, 27.5099107068409, 7.7738320041903295],
            "matrix": [[0.8475617224973693, -0.24822227875165315, -0.46906804078793296], [0.1757851162996327, 0.9652870371822457, -0.19318521872919459], [0.5007381745431618, 0.08128121664479965, 0.861774126077085]]
        },
        "lclavicle": {
            "coordinate": [3.077115965507803, 23.923068966121267, 8.381439682004915],
            "matrix": [[0.9980630649795362, 0.06130055510345131, 0.010600012625614465], [-0.06215627970864836, 0.9755168716630606, 0.21095836080491423], [0.0025913734649270406, -0.21120860551768433, 0.9774375733205884]]
        },
        "lhumerus": {
            "coordinate": [2.807094234564668, 18.811434815988953, 8.395341783269187],
            "matrix": [[-0.05275118890149735, 0.9482772463863111, -0.31302967280351335], [-0.998603993557768, -0.04923978131582488, 0.01911826316503056], [0.0027159013156146934, 0.31360119247535667, 0.9495509022469929]]
        },
        "lradius": {
            "coordinate": [2.920544943588205, 15.49608879499004, 9.793026218958708],
            "matrix": [[0.03151662472175384, 0.9504570186693222, -0.30925419646040764], [-0.9210036422309086, 0.14781194450863536, 0.36042186401212806], [0.3882769544584752, 0.2734649606856429, 0.8800329095628476]]
        },
        "lwrist": {
            "coordinate": [2.977270140537929, 13.838420389496397, 10.491866495387578],
            "matrix": [[0.03151662472175383, 0.6896009055034028, -0.7235034854753883], [-0.9210036422309086, 0.3012359413919041, 0.24700040204650303], [0.3882769544584752, 0.6585647263121678, 0.6446188857719195]]
        },
        "lhand": {
            "coordinate": [3.004564623038204, 13.356275269199845, 10.894536095803682],
            "matrix": [[0.04340932697163615, 0.6972120141037227, -0.7155494656005973], [-0.7668068137521458, 0.48236064130652906, 0.42348024995463046], [0.6404084171176638, 0.5303052131629339, 0.5555658738413151]]
        },
        "lfingers": {
            "coordinate": [2.982561568494336, 12.94022942619279, 11.183327994700255],
            "matrix": [[-0.043404436753716455, 0.6972123185578355, -0.7155494656005973], [-0.8207149355599196, 0.38352506104196243, 0.4234802499546304], [0.569686799407332, 0.6056430552759328, 0.5555658738413151]]
        },
        "lthumb": {
            "coordinate": [2.6503967566136284, 13.284509230156354, 10.832612722998295],
            "matrix": [[0.14913285143548538, 0.6022622298760606, -0.7842446041175146], [-0.9876528095035044, 0.12920350467077413, -0.08859109583148944], [0.047972080448489766, 0.7877732293277708, 0.6140944704619471]]
        },
        "rclavicle": {
            "coordinate": [-3.3624041595664265, 23.997197836716563, 8.199199120312294],
            "matrix": [[0.9980630649795362, 0.06130055510345131, 0.010600012625614465], [-0.06215627970864836, 0.9755168716630606, 0.21095836080491423], [0.0025913734649270406, -0.21120860551768433, 0.9774375733205884]]
        },
        "rhumerus": {
            "coordinate": [-3.4953766359289387, 18.516497900110057, 7.905017942444817],
            "matrix": [[0.024219969510832058, -0.9974390258497866, 0.06729623160863557], [0.9982696325455259, 0.02052224775008862, -0.055105154792499736], [0.05358296197781293, 0.0685144295686152, 0.9962101380364344]]
        },
        "rradius": {
            "coordinate": [-4.176429062193906, 15.578588223428556, 8.994547084982916],
