{
 "cells": [
  {
   "cell_type": "code",
   "execution_count": 1,
   "metadata": {},
   "outputs": [],
   "source": [
    "import json\n",
    "import os\n",
    "import random"
   ]
  },
  {
   "cell_type": "code",
   "execution_count": 2,
   "metadata": {},
   "outputs": [],
   "source": [
    "#parameters \n",
    "X_FEATURE_LABELS = [\"lclavicle\", \"thorax\"]\n",
    "Y_FEATURE_LABELS = [\"rclavicle\"]"
   ]
  },
  {
   "cell_type": "code",
   "execution_count": 11,
   "metadata": {},
   "outputs": [],
   "source": [
    "\"\"\"\n",
    "Initial input json\n",
    "{\n",
    "    \"1\": {\n",
    "        \"lfemur\": {\n",
    "            \"coordinate\": [x,y,z],\n",
    "            \"matrix\": [ [a,b,c], [e,f,g], [h,i,j] ]\n",
    "        },\n",
    "        ...\n",
    "    },\n",
    "    ...\n",
    "}\n",
    "\"\"\"\n",
    "\n",
    "\"\"\"\n",
    "Non-time series form\n",
    "[\n",
    "    {\n",
    "        \"lfemur\": {\n",
    "            \"coordinate\": [x,y,z],\n",
    "            \"matrix\": [ [a,b,c], [e,f,g], [h,i,j] ]\n",
    "        },\n",
    "        \"lclavicle\": {\n",
    "            \"coordinate\": [x,y,z],\n",
    "            \"matrix\": [ [a,b,c], [e,f,g], [h,i,j] ]\n",
    "        },\n",
    "        ...\n",
    "    },\n",
    "    ...\n",
    "]\n",
    "\n",
    "\"\"\"\n",
    "\n",
    "class NTSData:\n",
    "    data = []\n",
    "\n",
    "    def __init__(self, folder_list):\n",
    "        self._read_folder(folder_list[0])\n",
    "        \n",
    "    def shuffle(self):\n",
    "        random.shuffle(self.data)\n",
    "\n",
    "    def normalize_xy_position(self):\n",
    "        pass\n",
    "\n",
    "    def normalize_rotation(self):\n",
    "        pass\n",
    "\n",
    "    def normalize_height(self):\n",
    "        pass\n",
    "\n",
    "    def normalize_bounding_box(self):\n",
    "        pass\n",
    "\n",
    "    def filter_to_labels(self, labels):\n",
    "        for idx in range(len(self.data)):\n",
    "            self.data[idx] = {label : self.data[idx][label] for label in labels}\n",
    "    \n",
    "    def get_testing_training(self, percent_training, x_feature_labels, y_feature_labels):\n",
    "        training_count = percent_training * len(self.data[0])\n",
    "        print(\"Dividing data into \" + percent_training + \"% / \" + training_count + \"frames for training\")\n",
    "        x_data = []\n",
    "        y_data = []\n",
    "        \n",
    "\n",
    "    def _read_folder(self, folder_path):\n",
    "        for file in os.listdir(folder_path):\n",
    "            if file.endswith(\".json\"):\n",
    "                self._read_file(folder_path + \"\\\\\" + file)\n",
    "\n",
    "    def _read_file(self, file_path):\n",
    "        print(\"Reading: \" + file_path)\n",
    "        mocap_rec_data = json.load(open(file_path))\n",
    "        for frame in mocap_rec_data.values():\n",
    "            self.data.append(frame)\n"
   ]
  },
  {
   "cell_type": "code",
   "execution_count": 17,
   "metadata": {},
   "outputs": [
    {
     "name": "stdout",
     "output_type": "stream",
     "text": "reading folder\nE:\\Desktop\\github\\VR-Elbow-Inference\\mocap_data\\80\\80_10.json\nE:\\Desktop\\github\\VR-Elbow-Inference\\mocap_data\\80\\80_20.json\nE:\\Desktop\\github\\VR-Elbow-Inference\\mocap_data\\80\\80_30.json\nE:\\Desktop\\github\\VR-Elbow-Inference\\mocap_data\\80\\80_40.json\nE:\\Desktop\\github\\VR-Elbow-Inference\\mocap_data\\80\\80_50.json\ntest\n"
    }
   ],
   "source": [
    "\n",
    "data = NTSData(['E:\\Desktop\\github\\VR-Elbow-Inference\\mocap_data\\80'])\n",
    "print(\"test\")"
   ]
  },
  {
   "cell_type": "code",
   "execution_count": 18,
   "metadata": {},
   "outputs": [],
   "source": [
    "data.filter_to_labels(X_FEATURE_LABELS + Y_FEATURE_LABELS)"
   ]
  },
  {
   "cell_type": "code",
   "execution_count": 19,
   "metadata": {},
   "outputs": [
    {
     "name": "stdout",
     "output_type": "stream",
     "text": "9733457916335341, 0.227128576507268], [0.003508312302123889, -0.22713336439397544, 0.9738573440313855]]}, 'rclavicle': {'coordinate': [-3.6679110141377262, 23.94446568070315, 7.644957896957386], 'matrix': [[0.9994884251964703, 0.03175538833587449, 0.0038056812685470245], [-0.03178961533379622, 0.9733457916335341, 0.227128576507268], [0.003508312302123862, -0.22713336439397544, 0.9738573440313855]]}}, {'lclavicle': {'coordinate': [2.7859880439311224, 24.0671531861847, 7.844023490281964], 'matrix': [[0.999405544141827, 0.03432494479909471, -0.0032181521277561006], [-0.032691628694265354, 0.9731935464425892, 0.22765231950457226], [0.010946038182583044, -0.227411783615174, 0.9737371641880939]]}, 'thorax': {'coordinate': [-0.35682809539212074, 22.71277986961333, 7.861476514481605], 'matrix': [[0.999405544141827, 0.03432494479909458, -0.00321815212775623], [-0.0326916286942652, 0.9731935464425892, 0.22765231950457226], [0.010946038182583141, -0.227411783615174, 0.9737371641880939]]}, 'rclavicle': {'coordinate': [-3.6513190477126973, 23.948569241753958, 7.61349928545047], 'matrix': [[0.999405544141827, 0.03432494479909471, -0.0032181521277561006], [-0.032691628694265354, 0.9731935464425892, 0.22765231950457226], [0.010946038182583044, -0.227411783615174, 0.9737371641880939]]}}, {'lclavicle': {'coordinate': [2.798756111389606, 24.069033195417408, 7.86302794378299], 'matrix': [[0.9992917577066575, 0.03592999156945878, -0.011181175490875755], [-0.03243780017096384, 0.9731196620558221, 0.2280041939097415], [0.019072810480046113, -0.2274800189603057, 0.9735959474413457]]}, 'thorax': {'coordinate': [-0.3437634267665042, 22.713880598889016, 7.855453862030842], 'matrix': [[0.9992917577066575, 0.03592999156945869, -0.011181175490875815], [-0.03243780017096374, 0.9731196620558221, 0.2280041939097415], [0.01907281048004615, -0.2274800189603057, 0.9735959474413457]]}, 'rclavicle': {'coordinate': [-3.6364373657587405, 23.948756377620786, 7.5802832678191745], 'matrix': [[0.9992917577066575, 0.03592999156945878, -0.011181175490875755], [-0.03243780017096384, 0.9731196620558221, 0.2280041939097415], [0.019072810480046113, -0.2274800189603057, 0.9735959474413457]]}}, {'lclavicle': {'coordinate': [2.8126457704321135, 24.068898138983457, 7.881209475287724], 'matrix': [[0.9991139537232303, 0.037794593582069914, -0.01851691582042909], [-0.03258396680277137, 0.9731023898470808, 0.228057062993664], [0.026638179046822814, -0.22725163931172487, 0.9734716738802436]]}, 'thorax': {'coordinate': [-0.3299264819753229, 22.714207974581345, 7.849917764629029], 'matrix': [[0.9991139537232303, 0.03779459358207024, -0.01851691582042901], [-0.03258396680277171, 0.9731023898470808, 0.228057062993664], [0.026638179046822807, -0.22725163931172487, 0.9734716738802436]]}, 'rclavicle': {'coordinate': [-3.6202407670506425, 23.949554188301104, 7.54976721738084], 'matrix': [[0.9991139537232303, 0.037794593582069914, -0.01851691582042909], [-0.03258396680277137, 0.9731023898470808, 0.228057062993664], [0.026638179046822814, -0.22725163931172487, 0.9734716738802436]]}}, {'lclavicle': {'coordinate': [2.830078433127376, 24.065093175541026, 7.895177756374939], 'matrix': [[0.998896524881031, 0.04046674293944204, -0.02383642793022508], [-0.033991702004203775, 0.9731520989762518, 0.22763909254118214], [0.03240828251322656, -0.22657765771140934, 0.9734537833151371]]}, 'thorax': {'coordinate': [-0.314145557375592, 22.714808496124654, 7.845060330623756], 'matrix': [[0.998896524881031, 0.04046674293944187, -0.023836427930225133], [-0.0339917020042036, 0.9731520989762518, 0.22763909254118214], [0.03240828251322658, -0.22657765771140934, 0.9734537833151371]]}, 'rclavicle': {'coordinate': [-3.6009408326844765, 23.954886288546437, 7.526434216996274], 'matrix': [[0.998896524881031, 0.04046674293944204, -0.02383642793022508], [-0.033991702004203775, 0.9731520989762518, 0.22763909254118214], [0.03240828251322656, -0.22657765771140934, 0.9734537833151371]]}}, {'lclavicle': {'coordinate': [2.8478833680413898, 24.060887187159338, 7.906978298010941], 'matrix': [[0.9986598095997907, 0.043014021728467425, -0.028781567449544514], [-0.03536772854288467, 0.9731937135435206, 0.2272512259528845], [0.03778502967878377, -0.22592872737683245, 0.9734107569151158]]}, 'thorax': {'coordinate': [-0.29785936651118805, 22.714912916272237, 7.839296066926811], 'matrix': [[0.9986598095997907, 0.04301402172846731, -0.028781567449544472], [-0.03536772854288456, 0.9731937135435206, 0.2272512259528845], [0.0377850296787837, -0.22592872737683245, 0.9734107569151158]]}, 'rclavicle': {'coordinate': [-3.5811955036961503, 23.95960876163093, 7.503476508029491], 'matrix': [[0.9986598095997907, 0.043014021728467425, -0.028781567449544514], [-0.03536772854288467, 0.9731937135435206, 0.2272512259528845], [0.03778502967878377, -0.22592872737683245, 0.9734107569151158]]}}, {'lclavicle': {'coordinate': [2.8658547096664497, 24.056347266215756, 7.9155663288594935], 'matrix': [[0.9984102838312896, 0.04528860841072883, -0.03355364493081469], [-0.03651320162597792, 0.9731915608413283, 0.22707921968828435], [0.04293822594081184, -0.22549307717852243, 0.9732980945720673]]}, 'thorax': {'coordinate': [-0.28102584349772086, 22.713971379358302, 7.8313360683485636], 'matrix': [[0.9984102838312896, 0.0452886084107289, -0.03355364493081471], [-0.03651320162597799, 0.9731915608413283, 0.22707921968828435], [0.042938225940811876, -0.22549307717852243, 0.9732980945720673]]}, 'rclavicle': {'coordinate': [-3.5611638747384333, 23.9624769706859, 7.478820823617404], 'matrix': [[0.9984102838312896, 0.04528860841072883, -0.03355364493081469], [-0.03651320162597792, 0.9731915608413283, 0.22707921968828435], [0.04293822594081184, -0.22549307717852243, 0.9732980945720673]]}}, {'lclavicle': {'coordinate': [2.8833257995759243, 24.055213243016816, 7.921928200816282], 'matrix': [[0.9982476577501961, 0.04601605789733495, -0.0372039811288582], [-0.03659801525572046, 0.9741536972932703, 0.22290168085771286], [0.04649945242246806, -0.2211494889558661, 0.9741307430006354]]}, 'thorax': {'coordinate': [-0.26306483646209816, 22.712899005151122, 7.820225562894703], 'matrix': [[0.9982476577501961, 0.046016057897334636, -0.037203981128858296], [-0.03659801525572014, 0.9741536972932703, 0.22290168085771286], [0.046499452422468085, -0.22114948895586614, 0.9741307430006354]]}, 'rclavicle': {'coordinate': [-3.542010992414373, 23.962579254809818, 7.460850976544161], 'matrix': [[0.9982476577501961, 0.04601605789733495, -0.0372039811288582], [-0.03659801525572046, 0.9741536972932703, 0.22290168085771286], [0.04649945242246806, -0.2211494889558661, 0.9741307430006354]]}}, {'lclavicle': {'coordinate': [2.9008253217311655, 24.04989611297953, 7.922652689053103], 'matrix': [[0.9981235333145554, 0.04713067667778633, -0.039091067516272296], [-0.03749237988018015, 0.9751413789247024, 0.21838867314892949], [0.04841212342572938, -0.21651325692604514, 0.9750785998475652]]}, 'thorax': {'coordinate': [-0.24624409203580527, 22.710208095029476, 7.808131539135767], 'matrix': [[0.9981235333145554, 0.04713067667778625, -0.03909106751627238], [-0.037492379880180046, 0.9751413789247024, 0.21838867314892949], [0.04841212342572943, -0.21651325692604514, 0.9750785998475652]]}, 'rclavicle': {'coordinate': [-3.5235941280152643, 23.96377572291928, 7.447737785987895], 'matrix': [[0.9981235333145554, 0.04713067667778633, -0.039091067516272296], [-0.03749237988018015, 0.9751413789247024, 0.21838867314892949], [0.04841212342572938, -0.21651325692604514, 0.9750785998475652]]}}, {'lclavicle': {'coordinate': [2.9193331348894214, 24.030541496251278, 7.9114990621756185], 'matrix': [[0.9979082548567773, 0.05135508902445461, -0.03926537558704642], [-0.04145782012290553, 0.9744312061450275, 0.22082815409590206], [0.04960205680572419, -0.21873838099893902, 0.9745220144453406]]}, 'thorax': {'coordinate': [-0.23306119868057196, 22.70346184615962, 7.7966315634071695], 'matrix': [[0.9979082548567773, 0.051355089024454174, -0.039265375587046306], [-0.04145782012290514, 0.9744312061450275, 0.22082815409590206], [0.04960205680572398, -0.21873838099893905, 0.9745220144453406]]}, 'rclavicle': {'coordinate': [-3.5048608805811687, 23.969566059590388, 7.4296905932445885], 'matrix': [[0.9979082548567773, 0.05135508902445461, -0.03926537558704642], [-0.04145782012290553, 0.9744312061450275, 0.22082815409590206], [0.04960205680572419, -0.21873838099893902, 0.9745220144453406]]}}, {'lclavicle': {'coordinate': [2.937166373378333, 24.011248038331853, 7.896252780588184], 'matrix': [[0.9977185206085184, 0.05535207183058847, -0.038651025585495866], [-0.045355721900451486, 0.9736360628744863, 0.22355240003443883], [0.05000612088172994, -0.22128932467322118, 0.9739252654387973]]}, 'thorax': {'coordinate': [-0.22052855704653881, 22.696609044121793, 7.783949550196842], 'matrix': [[0.9977185206085184, 0.055352071830589294, -0.03865102558549571], [-0.045355721900452325, 0.9736360628744863, 0.22355240003443883], [0.05000612088172997, -0.22128932467322115, 0.9739252654387973]]}, 'rclavicle': {'coordinate': [-3.4870839173337496, 23.97494155629971, 7.412707338394864], 'matrix': [[0.9977185206085184, 0.05535207183058847, -0.038651025585495866], [-0.045355721900451486, 0.9736360628744863, 0.22355240003443883], [0.05000612088172994, -0.22128932467322118, 0.9739252654387973]]}}, {'lclavicle': {'coordinate': [2.954474844985986, 23.999516586659034, 7.878035500444763], 'matrix': [[0.9976506242304803, 0.057866965543739476, -0.03666941874767089], [-0.04823955792184581, 0.9734533856373649, 0.22374416426502994], [0.048643365673411744, -0.22144958859729566, 0.9739578546765008]]}, 'thorax': {'coordinate': [-0.20716318837077902, 22.694014618649415, 7.770172013388691], 'matrix': [[0.9976506242304803, 0.05786696554373909, -0.03666941874767089], [-0.04823955792184543, 0.9734533856373649, 0.22374416426502994], [0.04864336567341166, -0.2214495885972957, 0.9739578546765008]]}, 'rclavicle': {'coordinate': [-3.4705100651968874, 23.981766924327424, 7.403293458460647], 'matrix': [[0.9976506242304803, 0.057866965543739476, -0.03666941874767089], [-0.04823955792184581, 0.9734533856373649, 0.22374416426502994], [0.048643365673411744, -0.22144958859729566, 0.9739578546765008]]}}, {'lclavicle': {'coordinate': [2.969933860910991, 23.995028017861163, 7.8618644324706075], 'matrix': [[0.9976152032994721, 0.05894231642353862, -0.035912525396869045], [-0.04950533349269259, 0.973615498413756, 0.22276014725329607], [0.048094990399527165, -0.22045104804278054, 0.9742115824169353]]}, 'thorax': {'coordinate': [-0.19334500251430312, 22.69349041438052, 7.754199799384568], 'matrix': [[0.9976152032994721, 0.058942316423538546, -0.03591252539686889], [-0.049505333492692545, 0.973615498413756, 0.22276014725329607], [0.048094990399527, -0.22045104804278054, 0.9742115824169353]]}, 'rclavicle': {'coordinate': [-3.4553032068844654, 23.98560101584258, 7.390307535290665], 'matrix': [[0.9976152032994721, 0.05894231642353862, -0.035912525396869045], [-0.04950533349269259, 0.973615498413756, 0.22276014725329607], [0.048094990399527165, -0.22045104804278054, 0.9742115824169353]]}}, {'lclavicle': {'coordinate': [2.9850576147969283, 23.992623334977182, 7.850106095441617], 'matrix': [[0.9975706893467976, 0.05966958036546992, -0.03594803103319767], [-0.05032441867438062, 0.9741120944794972, 0.2203930132146961], [0.048168170416164516, -0.21804854635556797, 0.9747485105354011]]}, 'thorax': {'coordinate': [-0.179113351695374, 22.693577602687977, 7.73862849897808], 'matrix': [[0.9975706893467976, 0.0596695803654699, -0.03594803103319777], [-0.050324418674380575, 0.9741120944794972, 0.2203930132146961], [0.048168170416164606, -0.21804854635556797, 0.9747485105354011]]}, 'rclavicle': {'coordinate': [-3.4400914410430934, 23.988870004075885, 7.377272429378179], 'matrix': [[0.9975706893467976, 0.05966958036546992, -0.03594803103319767], [-0.05032441867438062, 0.9741120944794972, 0.2203930132146961], [0.048168170416164516, -0.21804854635556797, 0.9747485105354011]]}}, {'lclavicle': {'coordinate': [2.9994773891670565, 23.98674999240428, 7.837377856408681], 'matrix': [[0.997488816855569, 0.0615610786416497, -0.035018478615639226], [-0.05245706360840764, 0.9743807651393865, 0.21870157979302993], [0.047584837140215525, -0.2163154135119831, 0.975163230003818]]}, 'thorax': {'coordinate': [-0.16740614589778757, 22.694399437767093, 7.725111683635833], 'matrix': [[0.997488816855569, 0.06156107864164981, -0.035018478615639136], [-0.052457063608407774, 0.9743807651393865, 0.21870157979302993], [0.04758483714021546, -0.2163154135119831, 0.975163230003818]]}, 'rclavicle': {'coordinate': [-3.425896621021355, 23.997028115571553, 7.367708459495034], 'matrix': [[0.997488816855569, 0.0615610786416497, -0.035018478615639226], [-0.05245706360840764, 0.9743807651393865, 0.21870157979302993], [0.047584837140215525, -0.2163154135119831, 0.975163230003818]]}}, {'lclavicle': {'coordinate': [3.0111678166854055, 23.98052976546868, 7.823143410317793], 'matrix': [[0.99739655333397, 0.06370248291829117, -0.03379510419515648], [-0.05484891765949726, 0.9744125870643727, 0.2179718018508304], [0.046815719892984116, -0.21555069900271917, 0.9753697681035337]]}, 'thorax': {'coordinate': [-0.15883608315915757, 22.69574526319104, 7.712107236201595], 'matrix': [[0.99739655333397, 0.06370248291829123, -0.03379510419515662], [-0.05484891765949729, 0.9744125870643727, 0.2179718018508304], [0.04681571989298427, -0.21555069900271917, 0.9753697681035337]]}, 'rclavicle': {'coordinate': [-3.414503069416523, 24.006351958159666, 7.3581562805126275], 'matrix': [[0.99739655333397, 0.06370248291829117, -0.03379510419515648], [-0.05484891765949726, 0.9744125870643727, 0.2179718018508304], [0.046815719892984116, -0.21555069900271917, 0.9753697681035337]]}}, {'lclavicle': {'coordinate': [3.0223487941002474, 23.973672734115937, 7.80692833162183], 'matrix': [[0.997313001424963, 0.065934312119168, -0.03192872803766568], [-0.05744719401870683, 0.9743349243010804, 0.21764943185449603], [0.04545984038806268, -0.21523039230689509, 0.9755046289686746]]}, 'thorax': {'coordinate': [-0.15111256901540138, 22.69713545015394, 7.699594675427655], 'matrix': [[0.997313001424963, 0.06593431211916764, -0.03192872803766582], [-0.05744719401870644, 0.9743349243010804, 0.21764943185449603], [0.04545984038806274, -0.2152303923068951, 0.9755046289686746]]}, 'rclavicle': {'coordinate': [-3.4038490499287555, 24.01630380882847, 7.350540323580853], 'matrix': [[0.997313001424963, 0.065934312119168, -0.03192872803766568], [-0.05744719401870683, 0.9743349243010804, 0.21764943185449603], [0.04545984038806268, -0.21523039230689509, 0.9755046289686746]]}}, {'lclavicle': {'coordinate': [3.034316313338764, 23.964824629033203, 7.790083116731333], 'matrix': [[0.9972157090392092, 0.06833839054492344, -0.029844497368140394], [-0.06025926341043861, 0.974235589862255, 0.21733346870414427], [0.043927790960379486, -0.21492994166349513, 0.9756410555926127]]}, 'thorax': {'coordinate': [-0.1428675319095457, 22.697225756172664, 7.687025437246645], 'matrix': [[0.9972157090392092, 0.06833839054492344, -0.029844497368140523], [-0.060259263410438586, 0.974235589862255, 0.21733346870414427], [0.04392779096037961, -0.21492994166349513, 0.9756410555926127]]}, 'rclavicle': {'coordinate': [-3.3924192866699636, 24.025644404817484, 7.343432654432461], 'matrix': [[0.9972157090392092, 0.06833839054492344, -0.029844497368140394], [-0.06025926341043861, 0.974235589862255, 0.21733346870414427], [0.043927790960379486, -0.21492994166349513, 0.9756410555926127]]}}, {'lclavicle': {'coordinate': [3.044043503873257, 23.957496192863996, 7.773391379676267], 'matrix': [[0.9971616880485827, 0.0700577109329344, -0.027576892989218012], [-0.06247564101295179, 0.974347333015537, 0.21620376714000883], [0.04201621315780564, -0.21386722933714689, 0.9759587317338424]]}, 'thorax': {'coordinate': [-0.13606923573830737, 22.69691819811131, 7.674643940264176], 'matrix': [[0.9971616880485827, 0.07005771093293434, -0.027576892989217915], [-0.06247564101295174, 0.974347333015537, 0.21620376714000883], [0.04201621315780553, -0.21386722933714689, 0.9759587317338424]]}, 'rclavicle': {'coordinate': [-3.3833560614773024, 24.032800940659094, 7.338661376905868], 'matrix': [[0.9971616880485827, 0.0700577109329344, -0.027576892989218012], [-0.06247564101295179, 0.974347333015537, 0.21620376714000883], [0.04201621315780564, -0.21386722933714689, 0.9759587317338424]]}}, {'lclavicle': {'coordinate': [3.050540238350647, 23.950367104349933, 7.754247214477872], 'matrix': [[0.9971322561116154, 0.07145848633792493, -0.024918839299857453], [-0.06444891664666288, 0.9744114269956375, 0.21533394549721258], [0.03966863956365312, -0.21311043069408322, 0.9762224866107885]]}, 'thorax': {'coordinate': [-0.1322318445882807, 22.69605227868776, 7.661612661132045], 'matrix': [[0.9971322561116154, 0.071458486337925, -0.02491883929985762], [-0.06444891664666291, 0.9744114269956375, 0.21533394549721258], [0.039668639563653296, -0.21311043069408322, 0.9762224866107885]]}, 'rclavicle': {'coordinate': [-3.377681100189988, 24.038546723783274, 7.334341355427051], 'matrix': [[0.9971322561116154, 0.07145848633792493, -0.024918839299857453], [-0.06444891664666288, 0.9744114269956375, 0.21533394549721258], [0.03966863956365312, -0.21311043069408322, 0.9762224866107885]]}}, {'lclavicle': {'coordinate': [3.055985191396954, 23.941418673995308, 7.733133533977832], 'matrix': [[0.9970920573450164, 0.07304887114888797, -0.021709251561395925], [-0.06669959062672191, 0.9743287095166339, 0.21502262769736194], [0.036859107283146786, -0.2129493560345366, 0.9763677473036303]]}, 'thorax': {'coordinate': [-0.1298391216534981, 22.694278842511693, 7.648927468943605], 'matrix': [[0.9970920573450164, 0.0730488711488883, -0.02170925156139585], [-0.06669959062672225, 0.9743287095166339, 0.21502262769736194], [0.03685910728314678, -0.2129493560345366, 0.9763677473036303]]}, 'rclavicle': {'coordinate': [-3.373169770977217, 24.04417023774718, 7.331219688802152], 'matrix': [[0.9970920573450164, 0.07304887114888797, -0.021709251561395925], [-0.06669959062672191, 0.9743287095166339, 0.21502262769736194], [0.036859107283146786, -0.2129493560345366, 0.9763677473036303]]}}, {'lclavicle': {'coordinate': [3.060820224362686, 23.934885977866177, 7.7132838401588115], 'matrix': [[0.9970853576099459, 0.07418753168712747, -0.017804487693216946], [-0.06867612272993784, 0.9743943719370479, 0.2141009063600347], [0.03323221037832079, -0.2122541356006458, 0.9766492728271464]]}, 'thorax': {'coordinate': [-0.12770961700098454, 22.694031751435272, 7.639235114532742], 'matrix': [[0.9970853576099459, 0.07418753168712726, -0.017804487693216797], [-0.06867612272993766, 0.9743943719370479, 0.2141009063600347], [0.0332322103783206, -0.2122541356006458, 0.9766492728271464]]}, 'rclavicle': {'coordinate': [-3.3695159802966663, 24.050544889773587, 7.334436292771571], 'matrix': [[0.9970853576099459, 0.07418753168712747, -0.017804487693216946], [-0.06867612272993784, 0.9743943719370479, 0.2141009063600347], [0.03323221037832079, -0.2122541356006458, 0.9766492728271464]]}}, {'lclavicle': {'coordinate': [3.0655443007226864, 23.92978229166377, 7.692706400667699], 'matrix': [[0.9970774501000221, 0.07521212968467898, -0.01340500094489053], [-0.07062415799633555, 0.9743430003583026, 0.21370059887630075], [0.029133945996828402, -0.21212933130775669, 0.9768072276501529]]}, 'thorax': {'coordinate': [-0.12566335428530134, 22.695146148172892, 7.6311249904102185], 'matrix': [[0.9970774501000221, 0.0752121296846792, -0.013405000944890597], [-0.07062415799633576, 0.9743430003583026, 0.21370059887630075], [0.029133945996828517, -0.21212933130775669, 0.9768072276501529]]}, 'rclavicle': {'coordinate': [-3.366047147718241, 24.05807817118198, 7.340147525218588], 'matrix': [[0.9970774501000221, 0.07521212968467898, -0.01340500094489053], [-0.07062415799633555, 0.9743430003583026, 0.21370059887630075], [0.029133945996828402, -0.21212933130775669, 0.9768072276501529]]}}]\n"
    }
   ],
   "source": []
  },
  {
   "cell_type": "code",
   "execution_count": null,
   "metadata": {},
   "outputs": [],
   "source": []
  }
 ],
 "metadata": {
  "kernelspec": {
   "display_name": "Python 3",
   "language": "python",
   "name": "python3"
  },
  "language_info": {
   "codemirror_mode": {
    "name": "ipython",
    "version": 3
   },
   "file_extension": ".py",
   "mimetype": "text/x-python",
   "name": "python",
   "nbconvert_exporter": "python",
   "pygments_lexer": "ipython3",
   "version": "3.7.4"
  }
 },
 "nbformat": 4,
 "nbformat_minor": 2
}